15369
39126
14085
28442
17206
20605
25618
25629
864
2416
861
1713
1724
38433
38435
17864
48180
6121
15909
14097
25221
14571
40324
17319
10919
39055
15765
27162
35419
22278
40811
21963
21965
1992
31564
12122
40755
44133
21422
45934
37789
12445
3103
6799
9632
25534
865
40748
35282
3130
12221
42393
8411
41099
13999
28465
18984
14439
4317
40481
1479
14110
28855
43938
36963
25778
45029
31547
8429
28598
13394
35633
22465
31008
27460
32201
1478
40018
21421
40012
28470
45577
32332
6325
25156
10521
43304
8418
14109
28483
20910
38014
14116
32333
40122
16816
33957
30044
33038
14525
41603
20804
40283
31805
17203
20530
12597
1076
16181
25630
39486
2327
23886
15761
12123
6890
2086
2258
39605
22582
25551
2318
25667
24077
16440
15417
48401
2425
1138
22441
2032
2490
39610
2082
5803
26129
9930
2042
7590
16179
3889
12325
2065
2338
17820
3836
3792
7724
9929
6619
5388
16222
5781
17061
17470
11518
4029
5783
2308
3849
18068
4978
2320
4233
11609
28499
18725
3831
4264
5805
16229
29063
572
12974
20973
25621
23259
40352
30699
24734
35567
28595
10682
44371
40122
16816
33957
30044
33038
14525
41603
20804
40283
31805
17203
20530
12597
1076
16181
25630
39486
2327
23886
15761
12123
6890
2086
2258
39605
22582
25551
2318
25667
24077
16440
15417
48401
2425
1138
22441
2032
2490
39610
2082
5803
26129
9930
2042
7590
16179
3889
12325
2065
2338
17820
3836
3792
7724
9929
6619
5388
16222
5781
17061
17470
11518
4029
5783
2308
3849
18068
4978
2320
4233
11609
28499
18725
3831
4264
5805
16229
29063
572
12974
20973
25621
23259
40352
30699
24734
35567
28595
10682
44371
19428
28602
15137
3996
3794
30520
1980
30181
19161
1986
33320
30981
1257
12478
15667
16793
7084
14146
7742
6066
35792
39519
21801
34359
1986
33320
30981
1257
12478
15667
16793
7084
14146
7742
6066
35792
39519
21801
34359
40122
16816
33957
30044
33038
14525
41603
20804
40283
31805
17203
20530
12597
1076
16181
25630
39486
2327
23886
15761
12123
6890
2086
2258
39605
22582
25551
2318
25667
24077
16440
15417
48401
2425
1138
22441
2032
2490
39610
2082
5803
26129
9930
2042
7590
16179
3889
12325
2065
2338
17820
3836
3792
7724
9929
6619
5388
16222
5781
17061
17470
11518
4029
5783
2308
3849
18068
4978
2320
4233
11609
28499
18725
3831
4264
5805
16229
29063
572
12974
20973
25621
23259
40352
30699
24734
35567
28595
10682
44371
1986
33320
30981
1257
12478
15667
16793
7084
14146
7742
6066
35792
39519
21801
34359
36703
39685
6037
6034
15123
16846
2692
42866
17720
14607
36119
21733
2674
16219
33844
41722
41721
45048
18528
21706
41720
8647
12978
33036
15165
16757
16113
43397
36702
8668
44451
34599
45203
18816
16759
45870
29974
29861
20456
36722
29077
29668
32426
29210
20379
40353
38717
29720
35480
20452
20441
20444
29688
29677
47770
48304
20191
29950
29681
29714
29733
29746
29978
29752
24312
38975
29987
20448
29989
29780
29789
29793
29980
30067
29796
6782
20397
17660
27707
16123
7451
7677
16788
33097
42428
27630
643
45263
16751
42480
41039
9335
33973
22668
16675
48392
671
16838
8593
40900
6051
11159
31597
22992
40391
36496
16368
6371
15863
16400
23971
724
30234
24647
25713
5106
31241
22680
32858
1142
18749
31130
37317
465
36949
15961
41385
48285
843
20493
26662
20357
623
10661
26641
1868
13486
32310
16792
18654
11962
39142
40558
39143
1475
1205
29344
1835
6558
7887
16577
1375
1379
1058
45890
33102
13302
1651
45493
18126
7310
21449
7308
6035
19823
20072
23004
22511
1705
23761
41014
16609
21503
836
14039
21935
5658
21448
12450
6589
5903
2147
2155
14082
23112
4144
36994
4146
4148
4150
10232
2279
26377
38606
21233
4158
4162
22523
37600
37428
41217
1817
32762
15324
21551
37575
27681
1852
33345
30464
22520
23888
41407
17296
16278
7454
20031
16479
7885
39620
42897
29324
1994
22475
45589
2046
962
960
32193
2110
2108
2657
2367
1312
2321
2259
2303
2312
17217
2452
23833
33524
33523
31617
44121
47113
44268
42904
28420
44278
14258
15104
23569
2528
20241
41124
14869
38610
16553
14560
6939
33941
19691
15261
15472
15389
18316
35691
10880
25215
15534
7014
4960
20219
2615
2612
13659
9908
28529
2302
20234
20236
17071
15349
3089
12839
15326
16070
3094
34660
3723
37208
9755
20948
1196
14247
14275
44527
14246
32663
24238
17637
22502
4087
28654
1527
1528
1529
10995
8311
1530
1531
15695
47225
10374
1523
23262
21076
29549
17844
17800
19131
19132
42174
21527
1525
41930
18201
15689
1517
1274
15683
31601
30644
38607
10680
1416
14429
809
7919
1548
35494
2393
47291
1747
39275
19848
36865
16629
14757
14668
11155
15497
19631
20614
8160
910
15500
999
36517
18624
44760
28237
21995
41708
9921
48406
15596
17043
7683
38163
2606
14751
1052
47653
26405
575
19163
12015
18632
29405
25693
7862
27236
27058
47326
41527
47084
31892
17951
37768
23950
1062
17590
21545
24923
36056
34082
30567
19705
23965
41803
23222
41596
41590
30193
1706
42029
11071
41963
1369
10179
14955
27137
4532
28967
36341
42055
47647
23233
44117
33291
37149
23237
23239
11469
4841
15209
21642
29702
14496
35418
14542
4842
35413
2479
14175
27218
6889
2345
2344
16227
14145
5838
21546
2347
41982
28631
11042
13352
23757
33154
22719
23174
20914
1779
1054
2551
25207
2557
2554
35240
41300
42220
2583
29019
29406
20589
4676
2609
2709
27144
1406
1524
6818
28812
17172
12720
10222
3092
6593
42093
16053
25518
26625
15708
7175
23510
17809
13357
14236
4275
17003
6631
4312
4311
6612
6608
31629
21570
42823
16423
6932
15229
30422
27604
6101
22017
4986
6228
21920
12600
17023
18815
37617
6565
16943
35084
45575
6790
6791
30735
27207
12256
21085
32600

12332
23592
14354
44024
9141
38712
6955
30062
44965
6948
1055
12654
15762
15599
20767
1989
5124
3173
4514
1648
23524
6839
1526
27642
18502
15803
3653
9306
27876
6815
10732
43386
15117
6175
13722
16630
18870
13336
19298
43229
34673
4083
21654
45845
10868
27759
5063
18551
45725
13321
862
15828
27197
650
8467
648
3365
646
3372
5979
8465
725
3960
3962
45693
26959
4630
4632
5988
33946
24192
4627
2115
13137
7548
7076
7071
35287
27648
3370
708
20837
9850
14130
6577
27180
3373
44401
33960
39846
22306
16115
42114
38591
3205
43457
7198
7878
3813
39173
17130
22249
19117
16393
1286
13467
15823
46155
15822
9479
4760
30609
18277
6689
18548
6629
29984
12105
36837
17149
2975
6216
21365
8890
39175
20370
4585
4616
34220
4930
5607
33148
14154
5612
14304
34373
7562
41862
14164
7568
13562
16989
5610
5608
24951
14263
37090
14302
14554
7559
19630
34284
36249
7894
7988
45844
7960
5561
18737
43540
21613
36680
27646
16494
17457
9091
30777
47088
4438
29855
44280
13025
16931
29307
9859
5767
19212
41748
17888
45540
5008
21598
45105
45110
45109
4559
13124
30030
39361
21188
5828
26532
16065
13142
5826
16382
14066
11463
16845
3695
16847
3740
3716
47364
23823
16705
27182
16850
26385
44876
14962
45013
13277
1472
32318
47685
33262
15119
32319
38708
3072
20347
13060
35188
1716
33310
14
99
4
7137
17
3402
37047
37765
6113
16
26
30212
212
7618
5147
11340
355
3271
71
42664
224
236
10191
96
357
657
153
19213
223
159
169
179
235
274
6638
3624
9211
3681
3618
183
195
200
17644
9379
45360
15126
9019
21016
5657
17526
39604
18225
2442
26794
13790
13789
11247
5908
34741
19176
34875
32821
34867
18851
16552
34132
27195
16551
13662
2710
22156
45266
3726
45686
30282
48397
32205
48487
33595
16403
1522
16402
6252
323
6214
16051
34069
9759
34955
33618
6742
44100
17126
21083
23235
27927
46175
16432
21991
21086
27244
27906
10085
48408
6450
3048
23871
39617
17245
1057
10940
25690
39272
22317
27291
13281
5214
14353
27298
22139
22239
26363
19224
5384
27652
3000
4977
16482
5874
30358
30359
17094
20405
36442
41715
5336
30789
8509
7245
16484
16483
27310
36575
7083
14823
34209
1676
47627
2182
28561
27669
11156
46079
28563
2187
28113
9182
7433
42073
6510
3639
7094
10266
15915
20081
46207
3931
46094
34667
27838
19211
24683
25711
20101
34221
4288
29730
1015
22991
4421
19127
13574
13979
11891
7170
19502
46095
46080
16831
33425
11294
19668
3642
10408
12001
28940
44379
4444
19125
45596
14650
9336
42504
5893
28033
27931
4567
28977
12605
11274
7334
17111
13975
25346
23066
11843
5315
15262
35963
39703
20045
26166
710
18023
27573
4896
7006
27817
23901
44376
7262
16117
8273
18670
3302
36466
28388
4631
2833
5578
35574
26623
7013
5954
6698
8335
34864
10815
15887
11065
18087
21759
18905
14775
34330
13205
5258
23938
5238
26829
7901
43877
7595
13951
39111
25360
12313
18110
22445
34542
3793
27936
27682
19556
27290
3801
44341
19557
3790
17511
10544
6523
3829
17138
19377
3788
2591
34635
37147
23792
18211
38379
28481
11444
4934
17578
15265
6651
14532
6652
6648
1347
16591
27370
37086
5800
46977
37117
37119
46974
14843
1905
2377
22669
8430
3046
33566
18842
13610
6860
23890
22093
44049
12783
47222
33424
7500
869
5564
4620
16916
18756
6052
30599
24184
29756
29763
1956
1717
2618
35974
14748
6187
33615
6078
7700
7619
7540
41386
35351
23054
7772
23915
27626
23918
8736
24678
3725
16468
7756
18899
3676
17029
1061
36731
23885
11460
44314
6788
30472
30069
13678
34997
32238
28178
21826
4535
46211
23636
10079
32788
33963
26663
12562
37130
45453
16259
18167
36221
37054
44622
7999
4337
20990
11266
46118
6736
28793
24005
3197
3220
8612
11801
6752
7658
9344
17060
1732
24129
3627
44247
33086
34376
48440
24265
3634
18169
7373
7369
20400
15009
24396
10290
38148
7235
35059
11066
34572
30569
9097
47106
21092
16682
24386
36344
10956
34789
9465
16013
47484
24648
17112
4889
39489
1276
44917
40685
28715
27544
27545
19767
19765
35071
2324
37656
26615
16941
16662
16413
2072
5121
5095
5097
27555
32787
3802
3799
17547
36437
3501
25703
9341
18581
30058
27565
17073
4223
27590
11942
4225
19241
12324
19834
4263
29782
30731
8445
42909
44918
47542
24032
17589
14008
44010
2684
16096
13613
13614
6754
38710
27353
25683
30187
39155
45860
3899
3911
7343
3694
24441
24150
17801
2381
34333
22337
16559
32266
36313
26896
29784
29786
30286
21438
45359
6699
16109
29920
22794
6082
467
16134
3697
35919
46580
4864
24200
2372
9305
39759
36463
6174
9527
24202
28177
7892
37006
30446
8893
6068
6097
8710
37825
19220
18953
5535
27914
19854
3469
39362
21579
46392
19381
2644
24848
47285
13917
16936
782
19669
21467
20353
16564
3484
29695
17494
3483
31170
27617
3480
34125
11599
47569
1564
3545
32973
3744
1791
4452
48025
4012
27684
9046
3628
3632
25087
40873
23002
38842
7818
18949
3562
38121
4575
11947
29812
2370
16306
17483
17485
14526
19530
21814
26505
27427
20395
24975
27731
25888
36429
40864
13284
14283
5451
25122
40432
44894
20002
5492
43696
9915
23639
31181
34218
11196
7477
29893
45049
29891
899
16430
2705
26148
45451
10620
9309
45635
16369
36469
27792
17487
38755
4902
41485
18439
16111
613
46902
46903
14413
15385
48184
26210
18966
27810
4628
17973
35044
27596
48233
2649
14471
24390
39658
36244
19624
23956
37732
5904
38869
19816
30899
322
48289
2648
5977
23955
27938
37753
5307
5312
30901
14003
31523
14088
6020
12081
46028
18459
15300
5698
17756
8887
5715
23986
18395
46179
39080
7842
9179
30995
4774
21721
35858
18567
17618
31004
31196
20896
22235
22234
11589
31006
22510
1019
31773
24810
32771
21199
32544
32566
1022
12807
32179
5481
14063
32773
24131
21844
48
44204
20087
34590
20124
17623
21743
32776
1023
25617
37367
41305
32777
32778
47622
37479
33870
47320
25310
41299
18054
26979
31213
31211
37323
32780
32781
37885
6045
21410
12244
19881
16114
31484
32768
9555
12113
12117
13195
20939
38371
46982
47130
47124
4776
6969
1042
34093
20870
1010
40624
11712
11449
31427
9880
21153
31711
30952
30954

30957
2055
1083
18858
15804
21699
20942
637
34111
21835
4066
30945
30946
27331
601
31423
11718
17859
31092
22196
42121
22574
30972
20744
37837
1384
49
22283
31172
25112
14137
47069
31067
31638
7723
31199
31206
31222
31214
31195
30854
47311
40092
21836
1240
12988
22635
5873
27490
34181
8966
844
33913
22623
5523
17662
35864
41455
20962
35290
12929
20976
1695
37402
23546
13788
38189
20776
23728
3322
24808
40131
33715
27161
1003
30962
21354
21353
25601
25770
28476
25597
24798
4213
43267
39522
23907
31293
31294
3981
31774
45477
31880
23473
14013
31305
41770
40150
37008
31169
31174
38181
34124
27030
838
36726
30890
30891
26842
1088
34363
31319
36781
36780
32083
10987
47719
23824
44412
39865
783
31329
18921
632
31245
31234
22982
32820
31283
31250
31249
19367
23037
40386
31087
40388
31088
13034
6008
37030
22664
31119
41196
41197
21231
589
12569
21046
31235
3567
8951
31094
31081
31609
31407
31408
40342
31552
31409
37449
23746
21829
31082
38541
30888
41336
18855
23117
31463
31096
33839
40212
41282
31732
31734
1192
349
527
45601
25403
45925
31561
31489
10982
1380
41868
31173
33797
44192
1324
14527
12269
3123
13624
41931
14264
32568
1336
17624
17617
7239
